percision: 0.25994865211810014
recall: 0.7284172661870504
fbeta: 0.3831598864711448
