percision: 0.6084724005134788
recall: 0.7547770700636943
fbeta: 0.6737739872068231
