percision: 0.6482670089858793
recall: 0.7946498819826908
fbeta: 0.7140332272887947
